57
57
114
109
99
67
58
68
120
95
84
136
55
68
111
51
98
58
70
78
140
101
121
78
96
98
105
71
68
89
98
165
86
74
143
86
86
112
103
79
81
17
91
122
81
116
43
56
105
80
117
194
129
39
130
82
125
146
79
88
60
78
85
132
94
43
106
166
129
114
48
57
153
115
110
94
140
82
57
204
125
86
132
65
93
100
82
40
123
118
127
130
82
83
139
152
135
14
115
81
110
113
72
123
83
106
67
53
88
88
126
40
13
104
64
114
96
127
98
109
65
160
202
86
128
97
105
109
94
143
77
123
166
107
191
85
41
43
125
87
52
73
125
106
48
104
100
98
67
187
113
141
126
142
90
84
55
98
123
94
84
98
175
78
109
101
15
100
62
135
74
128
145
119
98
118
110
117
70
92
28
146
90
83
55
69
70
113
142
98
99
157
79
133
79
116
89
88
149
86
110
86
103
106
103
141
68
136
192
99
125
44
115
89
115
95
105
133
110
138
112
72
202
108
52
85
132
57
153
66
115
104
123
73
88
30
112
43
155
90
126
151
108
95
136
105
135
100
56
103
142
65
88
62
125
118
183
90
108
27
60
53
99
108
43
91
113
135
112
84
144
85
141
93
101
69
88
82
54
87
65
114
14
39
86
174
111
71
184
99
91
152
163
134
58
117
132
113
95
38
27
111
110
141
111
62
45
86
73
108
175
131
86
125
71
165
79
172
28
90
142
88
116
74
72
92
125
132
77
149
131
89
101
64
69
105
134
139
79
94
118
84
177
108
88
129
14
74
99
107
178
127
87
131
150
127
187
110
200
182
148
172
117
82
153
81
115
128
83
38
126
118
83
91
80
23
106
77
111
192
105
80
79
42
148
153
106
102
60
139
111
64
173
31
77
100
84
110
127
128
130
105
81
101
163
98
107
99
87
120
120
110
109
81
116
75
149
112
190
140
124
135
86
175
107
118
104
106
93
98
121
136
113
126
91
73
99
114
146
153
68
63
208
107
147
128
142
76
170
95
109
201
120
155
120
93
168
86
172
144
69
78
107
80
164
61
148
245
135
144
133
140
169
130
151
94
131
68
169
207
73
178
164
100
49
99
108
88
76
92
155
70
87
91
205
142
55
65
93
99
126
125
153
89
122
68
89
130
88
56
110
96
97
117
55
177
112
77
146
94
80
26
141
95
89
47
137
103
112
140
89
200
115
151
58
118
110
128
138
138
81
156
73
99
104
128
148
68
118
133
55
107
109
145
113
55
87
83
109
137
101
209
146
43
139
143
90
71
34
48
78
104
82
111
58
181
132
185
114
51
142
100
97
131
32
135
146
166
89
132
93
162
110
155
187
73
197
161
122
78
139
135
119
132
148
123
101
49
114
94
119
173
160
179
71
141
64
69
73
122
70
134
139
125
106
167
81
90
130
143
193
164
133
178
174
194
164
151
113
87
76
171
130
141
119
148
124
91
77
160
114
79
91
182
90
120
112
132
185
92
123
81
229
114
73
75
127
78
137
110
127
60
158
158
177
116
47
99
114
145
141
82
148
89
120
126
